% 1 ...
c = [1.1 -3.2 3.4 0.6; 0.6 1.1 -0.6 3.1; 1.3 0.6 5.5 0.0];
c(2,:);
c(:,end);
c(1:2, 2:end);
c(1:2, 2:4);
c([1 3], 2);
c([2 2], [3 3]);

% 2 ...
% 3 ...